1 193 PASS 417369825632158947958724316825437169791586432346912758289643571573291684164875293
2 1379 PASS 527316489896542731314987562172453896689271354453698217941825673765134928238769145
3 611 PASS 617459823248736915539128467982564371374291586156873294823647159791385642465912738
4 2835 PASS 487312695593684271126597384735849162914265837268731549851476923379128456642953718
5 943 PASS 962314857134587269578296413847962531651873942329145786285639174793451628416728395
6 3983 PASS 416837529982465371735129468571298643293746185864351297647913852359682714128574936
7 239 PASS 682154379951763842374892165437528916816937254295416738568271493729345681143689527
8 73 PASS 652481937834679152971325864467812593315794628298563471186937245523146789749258316
9 295 PASS 682153479951764832374892165437528916816947253295316748568271394729435681143689527
10 1773 PASS 792351648543786129681429537157648293924137865836295471368572914419863752275914386
11 697 PASS 614382579953764812827591436742635198168279354395418627286157943579843261431926785
12 1369 PASS 863521794127496853954387621645839172739142568281765439498653217512974386376218945
13 1723 PASS 135426987846957321927381465213748659598163742674295813351674298482539176769812534
14 645 PASS 356871294972643851841952736213465987794318625685297413128736549569184372437529168
15 1435 PASS 129576348376428519584391627293815764417263895865749132958632471731984256642157983
16 77 PASS 615382479943765812827491536752634198168279354394518627286157943579843261431926785
17 158 PASS 718435692963278541254961378547612839192387456386549127675893214421756983839124765
18 67 PASS 458276931623891475197534286371452698269783154845169327712948563986315742534627819
19 117 PASS 123759486874261593965384721216543978357896142498127365532478619641932857789615234
20 881 PASS 518476239427359618963821574795248361832617945146935827379564182651782493284193756
21 3387 PASS 498716523257839461136425987971382654684157392523694718765241839319578246842963175
22 60 PASS 132479658847563291956281347413725869528196473769348125271854936394617582685932714
23 399 PASS 417369825638125947952748316825437169791856432346912758284693571573281694169574283
24 389 PASS 925371486163498725874562391542689137618753942739124658487915263351246879296837514
25 533 PASS 123456789649837251857291634274518963398672415561943827416725398985364172732189546
26 1409 PASS 475691328961832745823754196259143687347586219618927534534269871796318452182475963
27 503 PASS 349526871521897643876413529718369254465281397932745186654178932187932465293654718
28 375 PASS 618342579943765182527891436752634891861279354394518627286157943179483265435926718
29 96 PASS 947582361863471952152639784624813579738295416519764823285946137396157248471328695
30 1145 PASS 254379861761248593893516742326791458915824376487653219538167924142985637679432185
31 983 PASS 385621497179584326426739518762395841534812769891476253917253684243168975658947132
32 202 PASS 836521947142379586975648321364892715259167438781435269598214673413756892627983154
33 286 PASS 427593186315862479968174325659328714731649852284751963593287641842916537176435298
34 589 PASS 781942365324576918659831724815723496936154872247698153578369241162487539493215687
35 582 PASS 748392165369514728125876943932147856687235419514689372853461297476923581291758634
36 261 PASS 417369528839125746652748319925837461741956832386412957294683175573291684168574293
37 2071 PASS 124597368369428517587361924293815746416273895875946132958632471631784259742159683
38 169 PASS 137926485964587231825341967241895673673412598589673142758164329396258714412739856
39 470 PASS 249865173531974268867132495423786519986251347715349826692518734354627981178493652
40 558 PASS 351846729287319645694725183168534972725198364943267518516483297832971456479652831
41 285 PASS 748591326195623847263487519421936758356874291987152634832749165679215483514368972
42 1477 PASS 723469851651238794894715632375691428912874365486523917248356179137982546569147283
43 416 PASS 947628351863751492125349678734895126589162734612473985478236519256917843391584267
44 705 PASS 132467895957381246864529731429673158578912364613854972385296417241735689796148523
45 693 PASS 143587962852496731976321584214675398635819427789243615321764859468952173597138246
46 431 PASS 783465219421973658965281734347128596198546327652397481216854973534719862879632145
47 623 PASS 219675843865439721743281596936512487157348962428967135382754619671893254594126378
48 306 PASS 126739845847625391935481762213864579654973218798512436361248957489157623572396184
49 4329 PASS 273681495891754263546392178169537824485269731327148956734916582958423617612875349
50 865 PASS 654312879913876452827495136742638591165729384398541627286157943471983265539264718
51 402 PASS 152738946864291375973645281216357498348912567597486123421863759639574812785129634
52 126 PASS 174589362953261784862347951219673845387415296546928173628194537495732618731856429
53 280 PASS 126478593837592461945361278412937856569184732783256914251649387374815629698723145
54 333 PASS 964815237258637149317924658872159364495263781631478925783596412529341876146782593
55 673 PASS 476529183895173624321864795517398246289645371634712958752431869168957432943286517
56 655 PASS 538127946624839751719645382965314827381762594247598163493281675856473219172956438
57 588 PASS 124597863937648215856231749513786492482913657769425138698374521341852976275169384
58 91 PASS 872459631154683972963721485216834759549217368738596124481362597627945813395178246
59 1183 PASS 947326581852491673136587942284735169693812457715649238579168324328954716461273895
60 395 PASS 215876943678394215349125876587432169463981752192657384826743591734519628951268437
61 1025 PASS 124397856835641297967825341241538769583769412679412538312974685498256173756183924
62 1443 PASS 125976348369428517784351926253817694416293875897645132978532461631784259542169783
63 169 PASS 283741596615239748974865321397126854861453972452978613528394167736512489149687235
64 1162 PASS 957638421146729385832541679419352768628417953375986142791265834583174296264893517
65 63 PASS 127365489853491276964278351231756894548932617679184523312547968485619732796823145
66 751 PASS 345671298987253146621984573264795831573816429198432657836529714712348965459167382
67 1163 PASS 265389471874251693193647852327894165946125387518763249631578924452916738789432516
68 979 PASS 842359167573186942619274538127865394435791286968423715781942653354617829296538471
69 1326 PASS 538219746962874531174356298283497615741568329695123874329645187857931462416782953
70 395 PASS 863751294957432681124689573532976148619843725748125936386217459295364817471598362
71 2737 PASS 986324157124759368537861429413285976695173284278946513342617895869532741751498632
72 230 PASS 945671283136482597827593461614837952798125346253964178362759814581246739479318625
73 1339 PASS 724369851651248793893715642375691428912874365486523917238456179147982536569137284
74 279 PASS 126437958895621473374985126457193862983246517612578394269314785548769231731852649
75 771 PASS 152946837963587421847231695574863912289415763631729548796152384415398276328674159
76 1173 PASS 269314785548769231731852649126437958895621473374985126457193862983246517612578394
77 265 PASS 152678943864391752973245681215763894497582136638914527321856479549127368786439215
78 117 PASS 496573128381924675275861943153789462962435781847216539714352896529648317638197254
79 1327 PASS 253479861761238594894516732326791458915824376487653219548167923132985647679342185
80 331 PASS 963741258152398674874265391345872169218956743697134825721489536589623417436517982
81 348 PASS 152398647973641285864572931598714362247936158316285794725463819431829576689157423
82 287 PASS 946731582157248639832659471719423865584976123623815947461397258398562714275184396
83 211 PASS 932475861617928534845613279568741392429836715173259648356192487294387156781564923
84 307 PASS 618459723342867519579123468296534187784291635153786294927648351861375942435912876
85 255 PASS 957261384846537921123489567734926815295814736618375492572198643481653279369742158
86 60 PASS 132749685857361924964285371216457839348692157579813246421536798683974512795128463
87 1749 PASS 746513892132869754598742316367925481925481673481637925679154238254378169813296547
88 194 PASS 956327841127486395834951267548739612271864539369215478793548126415692783682173954
89 1107 PASS 935748621876231594124695783512469378643872915789153462267514839491386257358927146
90 82 PASS 143258679872964153695137482986541327451372968237896514719623845564789231328415796
91 347 PASS 937658241864291735125734986583419627649372518712586493471963852396825174258147369
92 1105 PASS 924361758156478293837592641613247985749185326582936174498623517371859462265714839
93 420 PASS 856491372143572698927368451278645139514923786639817245361789524485236917792154863
94 387 PASS 659412378238679451741385296865723149427891635913546782396157824574268913182934567
95 2521 PASS 354186927298743615167952483481527369932614578576398241729865134845231796613479852
