1 6 PASS 213456789456789213789213456132564897564897132897132564321645978645978321978321645
2 6 PASS 534678912672195348198342567859761423426853791713924856961537284287419635345286179
3 14 PASS 534678912672195348198342567859761423426853791713924856961537284287419635345286179
4 217 PASS 417369825632158947958724316825437169791586432346912758289643571573291684164875293
5 217 PASS 417369825632158947958724316825437169791586432346912758289643571573291684164875293
6 1385 PASS 527316489896542731314987562172453896689271354453698217941825673765134928238769145
7 657 PASS 617459823248736915539128467982564371374291586156873294823647159791385642465912738
8 2251 PASS 487312695593684271126597384735849162914265837268731549851476923379128456642953718
9 689 PASS 962314857134587269578296413847962531651873942329145786285639174793451628416728395
10 3495 PASS 416837529982465371735129468571298643293746185864351297647913852359682714128574936
11 205 PASS 682154379951763842374892165437528916816937254295416738568271493729345681143689527
12 79 PASS 652481937834679152971325864467812593315794628298563471186937245523146789749258316
13 250 PASS 682153479951764832374892165437528916816947253295316748568271394729435681143689527
14 1829 PASS 792351648543786129681429537157648293924137865836295471368572914419863752275914386
15 627 PASS 614382579953764812827591436742635198168279354395418627286157943579843261431926785
16 1155 PASS 863521794127496853954387621645839172739142568281765439498653217512974386376218945
17 1187 PASS 135426987846957321927381465213748659598163742674295813351674298482539176769812534
18 519 PASS 356871294972643851841952736213465987794318625685297413128736549569184372437529168
19 811 PASS 129576348376428519584391627293815764417263895865749132958632471731984256642157983
20 94 PASS 615382479943765812827491536752634198168279354394518627286157943579843261431926785
21 103 PASS 718435692963278541254961378547612839192387456386549127675893214421756983839124765
22 58 PASS 458276931623891475197534286371452698269783154845169327712948563986315742534627819
23 120 PASS 123759486874261593965384721216543978357896142498127365532478619641932857789615234
24 547 PASS 518476239427359618963821574795248361832617945146935827379564182651782493284193756
25 3362 PASS 498716523257839461136425987971382654684157392523694718765241839319578246842963175
26 58 PASS 132479658847563291956281347413725869528196473769348125271854936394617582685932714
27 427 PASS 417369825638125947952748316825437169791856432346912758284693571573281694169574283
28 379 PASS 925371486163498725874562391542689137618753942739124658487915263351246879296837514
29 539 PASS 123456789649837251857291634274518963398672415561943827416725398985364172732189546
30 1487 PASS 475691328961832745823754196259143687347586219618927534534269871796318452182475963
31 313 PASS 349526871521897643876413529718369254465281397932745186654178932187932465293654718
32 287 PASS 618342579943765182527891436752634891861279354394518627286157943179483265435926718
33 85 PASS 947582361863471952152639784624813579738295416519764823285946137396157248471328695
34 1022 PASS 254379861761248593893516742326791458915824376487653219538167924142985637679432185
35 647 PASS 385621497179584326426739518762395841534812769891476253917253684243168975658947132
36 191 PASS 836521947142379586975648321364892715259167438781435269598214673413756892627983154
37 202 PASS 427593186315862479968174325659328714731649852284751963593287641842916537176435298
38 464 PASS 781942365324576918659831724815723496936154872247698153578369241162487539493215687
39 283 PASS 748392165369514728125876943932147856687235419514689372853461297476923581291758634
40 222 PASS 417369528839125746652748319925837461741956832386412957294683175573291684168574293
41 1449 PASS 124597368369428517587361924293815746416273895875946132958632471631784259742159683
42 152 PASS 137926485964587231825341967241895673673412598589673142758164329396258714412739856
43 337 PASS 249865173531974268867132495423786519986251347715349826692518734354627981178493652
44 411 PASS 351846729287319645694725183168534972725198364943267518516483297832971456479652831
45 238 PASS 748591326195623847263487519421936758356874291987152634832749165679215483514368972
46 1577 PASS 723469851651238794894715632375691428912874365486523917248356179137982546569147283
47 340 PASS 947628351863751492125349678734895126589162734612473985478236519256917843391584267
48 431 PASS 132467895957381246864529731429673158578912364613854972385296417241735689796148523
49 439 PASS 143587962852496731976321584214675398635819427789243615321764859468952173597138246
50 326 PASS 783465219421973658965281734347128596198546327652397481216854973534719862879632145
51 729 PASS 219675843865439721743281596936512487157348962428967135382754619671893254594126378
52 194 PASS 126739845847625391935481762213864579654973218798512436361248957489157623572396184
53 3895 PASS 273681495891754263546392178169537824485269731327148956734916582958423617612875349
54 732 PASS 654312879913876452827495136742638591165729384398541627286157943471983265539264718
55 252 PASS 152738946864291375973645281216357498348912567597486123421863759639574812785129634
56 111 PASS 174589362953261784862347951219673845387415296546928173628194537495732618731856429
57 197 PASS 126478593837592461945361278412937856569184732783256914251649387374815629698723145
58 235 PASS 964815237258637149317924658872159364495263781631478925783596412529341876146782593
59 470 PASS 476529183895173624321864795517398246289645371634712958752431869168957432943286517
60 409 PASS 538127946624839751719645382965314827381762594247598163493281675856473219172956438
61 314 PASS 124597863937648215856231749513786492482913657769425138698374521341852976275169384
62 81 PASS 872459631154683972963721485216834759549217368738596124481362597627945813395178246
63 799 PASS 947326581852491673136587942284735169693812457715649238579168324328954716461273895
64 231 PASS 215876943678394215349125876587432169463981752192657384826743591734519628951268437
65 684 PASS 124397856835641297967825341241538769583769412679412538312974685498256173756183924
66 894 PASS 125976348369428517784351926253817694416293875897645132978532461631784259542169783
67 108 PASS 283741596615239748974865321397126854861453972452978613528394167736512489149687235
68 539 PASS 957638421146729385832541679419352768628417953375986142791265834583174296264893517
69 56 PASS 127365489853491276964278351231756894548932617679184523312547968485619732796823145
70 470 PASS 345671298987253146621984573264795831573816429198432657836529714712348965459167382
71 1043 PASS 265389471874251693193647852327894165946125387518763249631578924452916738789432516
72 996 PASS 842359167573186942619274538127865394435791286968423715781942653354617829296538471
73 667 PASS 538219746962874531174356298283497615741568329695123874329645187857931462416782953
74 380 PASS 863751294957432681124689573532976148619843725748125936386217459295364817471598362
75 2081 PASS 986324157124759368537861429413285976695173284278946513342617895869532741751498632
76 148 PASS 945671283136482597827593461614837952798125346253964178362759814581246739479318625
77 1180 PASS 724369851651248793893715642375691428912874365486523917238456179147982536569137284
78 143 PASS 126437958895621473374985126457193862983246517612578394269314785548769231731852649
79 440 PASS 152946837963587421847231695574863912289415763631729548796152384415398276328674159
80 799 PASS 269314785548769231731852649126437958895621473374985126457193862983246517612578394
81 175 PASS 152678943864391752973245681215763894497582136638914527321856479549127368786439215
82 88 PASS 496573128381924675275861943153789462962435781847216539714352896529648317638197254
83 1445 PASS 253479861761238594894516732326791458915824376487653219548167923132985647679342185
84 266 PASS 963741258152398674874265391345872169218956743697134825721489536589623417436517982
85 296 PASS 152398647973641285864572931598714362247936158316285794725463819431829576689157423
86 198 PASS 946731582157248639832659471719423865584976123623815947461397258398562714275184396
87 169 PASS 932475861617928534845613279568741392429836715173259648356192487294387156781564923
88 346 PASS 618459723342867519579123468296534187784291635153786294927648351861375942435912876
89 196 PASS 957261384846537921123489567734926815295814736618375492572198643481653279369742158
90 64 PASS 132749685857361924964285371216457839348692157579813246421536798683974512795128463
91 1373 PASS 746513892132869754598742316367925481925481673481637925679154238254378169813296547
92 120 PASS 956327841127486395834951267548739612271864539369215478793548126415692783682173954
93 734 PASS 935748621876231594124695783512469378643872915789153462267514839491386257358927146
94 76 PASS 143258679872964153695137482986541327451372968237896514719623845564789231328415796
95 209 PASS 937658241864291735125734986583419627649372518712586493471963852396825174258147369
96 570 PASS 924361758156478293837592641613247985749185326582936174498623517371859462265714839
97 233 PASS 856491372143572698927368451278645139514923786639817245361789524485236917792154863
98 233 PASS 659412378238679451741385296865723149427891635913546782396157824574268913182934567
99 1694 PASS 354186927298743615167952483481527369932614578576398241729865134845231796613479852
100 37 PASS 784635912359412867612879345948267153527391486136548279891753624473126598265984731
101 89 PASS 529487361473162985816593742784631529362759814951824637648915273135276498297348156
102 72 PASS 674582139329471658581936247143867592267359481895214376758623914932148765416795823
103 26 PASS 948621537376954218521738649285473196639185472417296853764819325193562784852347961
104 26 PASS 137965824256487391894312576315629487762843159948571263479158632683294715521736948
105 51 PASS 172346598463985721598721436356874912824169375719253864241537689935618247687492153
106 30 PASS 813697254652438719497512683284953176765841932139276548326785491978124365541369827
107 76 PASS 358149276961327584742865139584613792239574861176298345825936417617482953493751628
108 42 PASS 246851937958743621713926845189672354467538219532419768825167493374295186691384572
109 40 PASS 562819734143572986978436125491763852385924617726185349637251498859347261214698573
110 39 PASS 539174862862359147741682359653298714178463295294517683317845926426931578985726431
111 30 PASS 291638457537924861468715392842593176916247538753186249685472913379851624124369785
112 53 PASS 764128395153697284892453617329864571476519823581372469945786132238941756617235948
113 30 PASS 152489637463271895987536412326714589871695324549823176295148763638957241714362958
114 43 PASS 746385192581249763923617584694728351317954628258136947439861275165472839872593416
115 34 PASS 193247865452896371687315942235489617876152493914763258349521786528674139761938524
116 30 PASS 387194526416582739529367841852916473694735182731248965168429357273851694945673218
117 75 PASS 361827495792354861845619237954263178687145923123978654518796342276431589439582716
118 30 PASS 397512486418976325256384197173498562864725931529631748932857614685149273741263859
119 39 PASS 483761592129584376765293814518972463297346185634815729852637941946158237371429658
120 28 PASS 281374956965812743347596128524781639873659412619423587792135864136948275458267391
121 30 PASS 895742361472163985163859724234681597586974132917325648759238416348516279621497853
122 28 PASS 947258163358614729261973854679345218512896437483721596195437682824169375736582941
123 33 PASS 142387596658429371793651824935218647487596132216743985864975213521834769379162458
124 107 PASS 936125847758634912214978365395712486462389751871546293623891574149257638587463129
125 69 PASS 216834597458279163739516284167348952924765318583192476842651739671923845395487621
126 36 PASS 283476195415239876679185243164527938398641752752893461831754629546912387927368514
127 37 PASS 891637254257914836463825971629478315574193628138256497945381762782569143316742589
128 75 PASS 458127693916358472372946851541682739297534186683791245134865927869273514725419368
129 30 PASS 275398641916542387483176592124639875837425169569781234758264913392817456641953728
130 26 PASS 615378924234591867978642531493165782762984153581723649146259378859437216327816495
131 34 PASS 954726138172839546638154729386417295547982361219563487823675914465291873791348652
132 45 PASS 264173958819425673753689421387954162495261837126837594671398245542716389938542716
133 58 PASS 354968721629371854178452369542693187716845293893127546265734918931586472487219635
134 49 PASS 982473615413856729657921384365298147248137596179645238591364872826719453734582961
135 35 PASS 359861427184372659627459381216538794948716235735924168473695812562187943891243576
136 30 PASS 926378415583461729741259863814793256679125348235846197452937681167584932398612574
137 93 PASS 861597324759342681342816957925684713186973245473251896618439572294765138537128469
138 39 PASS 986513724245978613173426985417892356532764198698135472351687249829341567764259831
139 60 PASS 248975613631482795975361824417836259823519467596247381162754938789123546354698172
140 30 PASS 571984623634712958982635174328159467156427389749368512815293746297546831463871295
141 26 PASS 269573418345861792781429356597386241834192567126745983678254139412938675953617824
142 96 PASS 234789165961453287857216349489672513176345892523891476348567921612938754795124638
143 61 PASS 145839672923617584678524931489251763236798145751463829894375216567142398312986457
144 40 PASS 814537692376192854529648713748913265263854179195726438652479381481365927937281546
145 61 PASS 316958724594172836278346915862415379431897652759263148187624593625739481943581267
146 24 PASS 158297634264853197973641825792184356531962478486375912349526781615738249827419563
147 65 PASS 981237546746895321523461978234589167695174832817326495169753284352648719478912653
148 28 PASS 926518374531749628784236915269871453458362197173954862342695781615487239897123546
149 60 PASS 457628913928371465361945728132467589875139642694582371589716234246853197713294856
150 64 PASS 896472351471365982253189746148726593527938614639514827962847135384651279715293468
151 39 PASS 459261873261873549387594216542916738698357421173482695714635982926148357835729164
152 35 PASS 739462185612835974845197326167529438958374612324618759476283591291756843583941267
153 41 PASS 964571238753286491812493657295147386481365729637928145576834912149652873328719564
154 96 PASS 429653718371298645685147329938572461254916873716834592567329184893461257142785936
155 25 PASS 659387142328541697147269358891435726765928413234176589582613974413792865976854231
156 24 PASS 986251437315479862724638195478196523263785941159324678892547316531962784647813259
157 51 PASS 462953178895417263173862945619375824584296731237148596348529617721684359956731482
158 26 PASS 354897126162435987798261534679148352523976418841352769215789643487613295936524871
159 28 PASS 123954678945876321876231594689715432317482956452369187568197243231548769794623815
160 22 PASS 453678192617942538298513746372169854546837921981425673139784265825396417764251389
161 30 PASS 918563724265874319734129568523417896847692153691385472182746935456931287379258641
162 49 PASS 653728914418695372972431586261359748789164253534287691846973125127546839395812467
163 24 PASS 329876451718453296546219378861327945297541683453968712675134829932785164184692537
164 22 PASS 749825361681739542532614879397452618428961753165378294974286135216593487853147926
165 43 PASS 325897461698214537147653829974368215563172984281549673732985146419726358856431792
166 47 PASS 628371459149685273573924681435169827816732945792548136251893764964257318387416592
167 61 PASS 872643159143925786596178324459762813321584967687319245734251698915836472268497531
168 90 PASS 714596823583472916692831754946328175378615492125749368851964237439257681267183549
169 47 PASS 598231647176549823342768915821453796957826134463197582219375468635984271784612359
170 105 PASS 761893254423651879859724361617345982298176435534982716946537128385219647172468593
171 26 PASS 486125937732489561915376428593614872847932615261857394159268743374591286628743159
172 41 PASS 198247536563198274427563189641379852375682491289451763836724915912835647754916328
173 34 PASS 754923681213786549869154237938271456645839172172645893487312965591467328326598714
174 24 PASS 318456729462793158957812634235687941174925386689341275843179562721568493596234817
175 50 PASS 657128943934567182182439675728946351416853729593712864345671298871295436269384517
176 42 PASS 234716589796582134581493276318249765927635841645871923879354612163928457452167398
177 24 PASS 691473582782165934534829761376582419149736258258941673427618395865394127913257846
178 30 PASS 647298153928153764351467892294731685186529347573846921715984236862315479439672518
179 44 PASS 153647892724918635869253741438791526517462389296385174975134268682579413341826957
180 58 PASS 945176382267358149138429675671293458852614937394587261429835716783961524516742893
181 28 PASS 658127394472936185391548276925764831734815629816293547183459762247681953569372418
182 60 PASS 873541296524968137196237485739826514652194873418753629241375968967482351385619742
183 55 PASS 132657849685394127794281365876923514513476298249518736428165973967832451351749682
184 68 PASS 978265143632741859541893672829536417316472985754918326167354298485629731293187564
185 117 PASS 518423697362597148749168253953742816824631975671985432487316529136259784295874361
186 24 PASS 257431698416789253389562471762815349931274586548396127823157964195648732674923815
187 54 PASS 521976843684513972793428615835697124912834567476251398357162489268349751149785236
188 39 PASS 643298175728513649519467283954826731376159428182734956497381562865972314231645897
189 30 PASS 473265198915387642268149357689453721542716839731892465356971284897624513124538976
190 47 PASS 867194325432568197519732648751629483286473519943815276695247831174386952328951764
191 39 PASS 682594137437186925519327468375261894246958713891743256728639541964815372153472689
192 65 PASS 317245968942863715658179432769452183421398657583617294834926571276581349195734826
193 43 PASS 186427539597613482432589167213865794879234651645971328354792816728156943961348275
194 56 PASS 312954876984761532765238149129386457637549218458127963843695721576812394291473685
195 43 PASS 768419352351268479294375816916723548527894163483156297132947685875631924649582731
196 24 PASS 487619235619352478523478619941827356268593147735164982354986721192735864876241593
197 40 PASS 862149375971835426435762189256378914183924567794516238619257843348691752527483691
198 174 PASS 576429318139586274284371569628194753453867192791253486945612837317948625862735941
199 28 PASS 635728491891436257724591638489275316172963584563184972357842169218659743946317825
200 39 PASS 375419826914826357628735194249168573183574962756392418431657289897241635562983741
201 22 PASS 285769431139452687647381529364215798518947362792836145876193254451628973923574816
202 48 PASS 629581473153674298487293651392168547871425369564739812236947185945812736718356924
203 373 PASS 372615489854392176916748352569437821427186593138259647695821734241573968783964215
204 40 PASS 761432895438596172925817346384965721697123584152748639279351468543689217816274953
205 142 PASS 427398165193765248685241937956137824374829516218456793549682371861973452732514689
206 26 PASS 349725681786491352152638947578249136964513728213876495631952874827364519495187263
207 50 PASS 398456127654127839271983465813675294546392781927841356435219678782564913169738542
208 22 PASS 765921483824735169319468752186397245953284671472156938248579316597613824631842597
209 22 PASS 567812934148395762239467518395126487426783159871549326914658273653274891782931645
210 94 PASS 617385429542916387389247561135874296896152734724639815468793152953421678271568943
211 30 PASS 942537168658419237317826549573982416864153792291764853489671325736245981125398674
212 27 PASS 541298376723165984986347521218534769439672815657819432194786253372451698865923147
213 28 PASS 254367819897145263136298574723584196689713452415926387562839741348671925971452638
214 31 PASS 619572834783461952542893167961234785327658491458917623835749216194326578276185349
215 56 PASS 853172649672349851419856237198425376347961528265783194524698713736514982981237465
216 24 PASS 789524136413786529526319847845237691297165384361498275154873962932641758678952413
217 151 PASS 537186294184923576692745831378619425926574183415832967263458719851397642749261358
218 64 PASS 918567432456328719732914685193856247285743961674291853547189326361472598829635174
219 22 PASS 435781296289365174617294538342956817796812345158473629824537961563149782971628453
220 50 PASS 642578391598361472317294658725689143183457269964123587851736924239845716476912835
221 75 PASS 549867231231594876768312594857936142314285967926741358685173429493628715172459683
222 64 PASS 197854623543672918682391754275148396416937582938265471859426137324719865761583249
223 43 PASS 932746518741958236856231479684329751127865394593174682478693125369512847215487963
224 56 PASS 986371542125846793347295168653729481278413659419568237862134975734952816591687324
225 145 PASS 635271489479835162128649753856917234391524678742368591914786325563492817287153946
226 41 PASS 732689541948175326561234879195346287684792135273518694456827913327951468819463752
227 34 PASS 147693825698425137532718649423569781719832564865147392976354218354281976281976453
228 41 PASS 428735169571629483693148572145873926286594317739216854864952731912387645357461298
229 30 PASS 896472351547163892321598674274836915965714238138925746752649183413287569689351427
230 33 PASS 754163928283479615169528347398742156576891432421635879837954261612387594945216783
231 32 PASS 945237168836415729127968345472396851513782496689154237791523684264879513358641972
232 24 PASS 632719485798456132514328697943261578276835941851974326425697813369182754187543269
233 125 PASS 726158394913674582548239716695382147871946253234517869362891475157463928489725631
234 22 PASS 382465791175892643694731285247513968956248137831679452463187529518926374729354816
235 67 PASS 936182745785934162214657389351269874679843521842715693123476958597328416468591237
236 36 PASS 274389156318645279569721384693458721781962435452173698145837962836294517927516843
237 38 PASS 791258364635749821824361795976834512148625973352917486283476159567193248419582637
238 26 PASS 734982561852176394169534872671823945598461723423795186385649217247318659916257438
239 37 PASS 481672395596431872372958641128347956645819237937265418254783169813596724769124583
240 44 PASS 816725493527349681394681725651278349489513267273496518135864972942137856768952134
241 20 PASS 971362458625894173843517269517928634394176582286435791152789346438651927769243815
242 89 PASS 627945138845213769139768542286579413513624987794831256371482695968157324452396871
243 50 PASS 961583742573462918284179563412398657739654281856217439695821374328746195147935826
244 43 PASS 684972531517863429932415786273549618169728354845136297728651943396284175451397862
245 52 PASS 934617582765428319128395647249731856871256934356849271617983425493572168582164793
246 51 PASS 674581239315429867928736415863217594752394186491658372146875923539162748287943651
247 37 PASS 679315284825476913134289657546728391297631845318594762751863429982147536463952178
248 48 PASS 978215436632498517514763982429376851751982643863541729195624378247839165386157294
249 55 PASS 749583612625917483831624975312769854486235791957148236568372149173496528294851367
250 36 PASS 971845632238176594465932871724361958183259467596784213347698125652413789819527346
251 22 PASS 867513942532947861491628573245861397916375284378492156689234715153786429724159638
252 30 PASS 286475193495163782173928456734592618519684237628731549852347961947816325361259874
253 28 PASS 183267459674593182592481736741635928329814675865729314237948561958176243416352897
254 26 PASS 678945231529173864431826957216498375847532619953761482784619523162354798395287146
255 43 PASS 532476198479218536186359274328547619754961823691832457265794381817623945943185762
256 37 PASS 129546837785932416643871259462315798317289564958764123836157942594628371271493685
257 22 PASS 638759142952416387741238956873124569169583274524967813315642798487395621296871435
258 26 PASS 927346851681975342435821769843169275179532486256487913398614527562798134714253698
259 39 PASS 439561827512874936678239154163748295295316478847925613726183549981457362354692781
260 32 PASS 423516978756982431189743652641378529835294716297165843372659184564831297918427365
261 38 PASS 291865473536472189784391265459783612627519834318624597875946321163257948942138756
262 24 PASS 731965824895472136462318795528637419649851372173294658214789563387526941956143287
263 35 PASS 472813659961572348538649712186254937724931865359768421843195276695327184217486593
264 28 PASS 918634725475829361326175984542963178763581492189742653654217839891356247237498516
265 28 PASS 573298614812463957694517328967821543341975862285634179438756291126349785759182436
266 58 PASS 579342816628971345431568927842153679967284531315796284186425793753819462294637158
267 38 PASS 376819254849725316152436789963182475485673921721594638638241597214957863597368142
268 30 PASS 254719638638452917719863245376594821491328756582671394845936172927185463163247589
269 24 PASS 789243165465791328312568947124356879973184256658972431841625793296837514537419682
270 34 PASS 758193246624587193139462578962345781387916425541278369276851934895734612413629857
271 24 PASS 134265879567398142892417536618974325925183467473526918381752694246839751759641283
272 40 PASS 685279143341856297792143865169735428528914376473682951917468532834527619256391784
273 52 PASS 367859421895124673214637895672518934149273586583496217421385769936742158758961342
274 22 PASS 789432516526971834143685279852347961617829345394516782261758493938264157475193628
275 32 PASS 519867324462513987783294165938651472251749836674382591345976218127438659896125743
276 56 PASS 613295748759438612842167935178923564534671829926584371491356287267819453385742196
277 32 PASS 496521873287634951513879426875316294934285617621947538752463189348192765169758342
278 69 PASS 832751946514963287796842315285497631173628459649135728427586193951374862368219574
279 26 PASS 327654891684192573519783642936418725258367419741925386492836157173549268865271934
280 99 PASS 586179432241386597793245816925834761138567924467921358854692173679413285312758649
281 65 PASS 356179284142856937987342516529437168614528793738961452491783625865214379273695841
282 63 PASS 185694237376128459492357168543971682768432915219586374934715826851269743627843591
283 54 PASS 471263859239578146658941723146739285783652914925184367817495632394826571562317498
284 22 PASS 912847356463295817785163924378416592246359781591782463624578139837921645159634278
285 36 PASS 856927431497135826321486597934561782175298364682374159248759613763812945519643278
286 26 PASS 237584169864192573591376248789241635316958724452763891945827316673415982128639457
287 28 PASS 572418936618935724943267581864179253159342678237856149786593412425681397391724865
288 50 PASS 647253891291748563358619274824195637769324158513876429135467982972581346486932715
289 36 PASS 345867291189452376672319485234975618761248539958136742596783124423691857817524963
290 51 PASS 589614237642375189317892465438769512271453896956281374723146958165928743894537621
291 22 PASS 123785694849261537576493821391548276257916483468327159612879345985134762734652918
292 152 PASS 159683472684725913723149658418972365592436187376851249841297536937564821265318794
293 26 PASS 537841296926753814841926375269518743753462189418379652185634927394287561672195438
294 54 PASS 684273915952186734137459628398627541471935286526841397745312869863594172219768453
295 29 PASS 318764295457298361692513784843129657571386942269457138935872416126945873784631529
296 114 PASS 682179534391854627574236891419562783256387419738491265827915346963748152145623978
297 99 PASS 678192534923546817541783962786359241354217698192468753839671425417925386265834179
298 84 PASS 765231489819764352234859671126947835947583126358126794572618943481395267693472518
299 60 PASS 137492685498536721625871349762159438541368297389247156973625814854713962216984573
300 28 PASS 812637459793458621645912837168293574357184296429765318281376945936541782574829163
301 102 PASS 749853216531264789286971435672385941895416327314792658467128593928537164153649872
302 69 PASS 978163254126458973534927816395281467762349581841576329457632198289714635613895742
303 39 PASS 357682914126934758894715632265193847471528369938467125543871296719256483682349571
304 36 PASS 824619537135287694697354128216543879948721356573896412462935781381472965759168243
305 58 PASS 972514368136987254485236179547193826693872541821645793358429617769351482214768935
306 20 PASS 213857469867934215495261783736518924124679538589423671978342156351796842642185397
307 24 PASS 681547329542893167379216584915468732437925618268731495154389276823674951796152843
308 44 PASS 674853921983124675521769384459312867836597412217648593762935148145286739398471256
309 40 PASS 594613278781925346326847591215786439473591862869432157942368715137259684658174923
310 31 PASS 492653178816279345573481692689547231237168954145392867368715429954826713721934586
311 78 PASS 671593482958246731342871695589327164167485329234169578416938257823754916795612843
312 31 PASS 281546739479123586563987421758261943632794815914835672845612397196378254327459168
313 64 PASS 386912754529764138714538962693287541148395276257641893875426319962173485431859627
314 68 PASS 579834126146592783832761549984627315217359468653418972368175294795246831421983657
315 34 PASS 926485137145327698738916254653172849817549326294638715381754962562893471479261583
316 34 PASS 821576943495813762736249185287394651143765829659182374518927436374651298962438517
317 51 PASS 932157846867439521145268739286315497593874612714692358379581264458926173621743985
318 79 PASS 927486153416375289835912476794823561682157934153694827361248795279561348548739612
319 44 PASS 215794683384261579967385241148957326673128495529436718736849152492513867851672934
320 54 PASS 396174528172835649854629173935241867461783295287956314723468951618597432549312786
321 41 PASS 963428571285719634147563298896245317432187965751396482574931826328674159619852743
322 28 PASS 863492175742581369915367842176935428324876951598124637459713286631258794287649513
323 34 PASS 461875293379612458528439617137984526982156734645327189296543871854791362713268945
324 69 PASS 928476513753921648461358972385764291692815734174293856817532469546189327239647185
325 32 PASS 589763142276194385413582976632978514148235769795416823954827631861349257327651498
326 56 PASS 397546128526381794184927563431672985975138642268495371649813257812759436753264819
327 24 PASS 731685942495237186826419537572941863148326759369758421684173295957862314213594678
328 24 PASS 657928413142357968938416275816243597475691832329785146283179654561834729794562381
329 78 PASS 372491685146578329598326741725819436463752918819643572231967854984135267657284193
330 169 PASS 352187649817496532946235187275648391193572864684319275738921456461753928529864713
331 49 PASS 837914265214576938569238417943851672682497153175623849458769321326185794791342586
332 30 PASS 634589712819237546725164389273948651598716234146325978361472895452893167987651423
333 78 PASS 539861247728435619164279358471523986952618473386947125843156792615792834297384561
334 37 PASS 763185249529473186481269573295831764634752891178694325347526918912348657856917432
335 132 PASS 983765421162834957457912368875349216624178539391526874236481795749653182518297643
336 26 PASS 391654287476892531258137946732968415619543728845271693584326179923715864167489352
337 141 PASS 478625913136894725592713486725136849681249537943587261319452678257368194864971352
338 28 PASS 469521738827493615315786942132947586748365129956812473274658391691234857583179264
339 22 PASS 849653271157249863362871549296534718731982654485716392974325186628197435513468927
340 26 PASS 472893516815746329639125784524618973768932145193574268987451632356287491241369857
341 48 PASS 613974852782615394495238167829341675546782931371596248258469713167853429934127586
342 28 PASS 726519384134728569859364172693245817572183946481697235968432751317956428245871693
343 43 PASS 241893675756241398983657421572469183418732569639185247197526834364918752825374916
344 45 PASS 486793251291465378537182964153928647629547813874316592318654729745239186962871435
345 54 PASS 738694152914253768526718493283945617497361825651872934162587349379426581845139276
346 51 PASS 813629754925784316467513892148256973732891465596347281381962547679435128254178639
347 26 PASS 965324871238715469741869523417596382853172946692483157186947235524631798379258614
348 84 PASS 945621387782934615631857249569482173823719456174563928398145762457296831216378594
349 86 PASS 285697413917483652346512798652934871791825364834761925563278149478159236129346587
350 39 PASS 375264189169738254482591763638142975294675831517389642853916427926457318741823596
351 26 PASS 294317865318659427567824931175963248986472153423581679851236794742195386639748512
352 24 PASS 973126458285347916641598723859632147362471589714985362197264835536819274428753691
353 32 PASS 921786534867354912453192876136845729785923461249617385578269143614538297392471658
354 45 PASS 614598327359276184782143695568734912423961578197852463831429756945687231276315849
355 93 PASS 248317659731956428695824713129685347467193582853472196974261835386549271512738964
356 39 PASS 394875126278916435516234987145389672867521394923647518751492863439768251682153749
357 48 PASS 218347695957216384346958172592631748783524916461789523674895231835172469129463857
358 35 PASS 351286749689374125274519836537648291196752384842931657923467518715893462468125973
359 77 PASS 871942365329856417654371982145623798932785641786419253413597826268134579597268134
360 30 PASS 823691754675428193419573628281954376536782941947316582352149867194867235768235419
361 41 PASS 951264873324781569867935241576129384419378625238546197142857936693412758785693412
362 128 PASS 219657483358194726674382951967548132431276895825913674593761248786425319142839567
363 52 PASS 954368217713492865628715439836147952245986371197523648361279584489651723572834196
364 26 PASS 719834526254967318368251974182395467937146852645782139471529683826413795593678241
365 40 PASS 394216785127358496568479321689534217713862954245197863972645138851723649436981572
366 30 PASS 437596182219837456658124973385679241961245738724381695592413867146758329873962514
367 43 PASS 759136482124598367368472591417265938583719624692843175846957213231684759975321846
368 34 PASS 458276193927431586613598472536749218842613957791852634364985721285167349179324865
369 37 PASS 839274651652139748417568932543896127768412593921357864294681375175943286386725419
370 28 PASS 819367524746825931532419867283674195461952783957183642128746359694531278375298416
371 30 PASS 926578413783164295154392678862715349349286751571439826215643987438957162697821534
372 37 PASS 291365784536847192784291356943612578617458239852739641328976415179524863465183927
373 28 PASS 712694385834715269596382471469528137283971654157463892625137948941856723378249516
374 42 PASS 973265841682147359154893627548972163736581492219634785425318976397426518861759234
375 179 PASS 326418579157963482948275361285641793614739825793582146879156234461327958532894617
376 29 PASS 248791653375468921691325478452136897719842536863579142924687315136254789587913264
377 250 PASS 216534879478629135539871246942785613781396524653412798325148967894267351167953482
378 42 PASS 746291385819563472532478169673815924925746831481329756157932648368154297294687513
379 61 PASS 175923684349876251268541379651489732937612548824735196782154963493267815516398427
380 60 PASS 951278634473965812682134759768521493249386571135749268514897326827613945396452187
381 87 PASS 681459273739682415245731869467215398593876124128943657876194532952368741314527986
382 24 PASS 124856379759243186836719452297684531543921768618375924975168243362497815481532697
383 24 PASS 469312587183567294275894613731945826948621375526783149312476958857239461694158732
384 80 PASS 627385194134697258895124637961843725572961843483752916256418379718539462349276581
385 61 PASS 916237485258164937743958126462571398389426571571893642127345869635789214894612753
386 32 PASS 982514673173628954456937128217843569894765231365291487531486792749352816628179345
387 40 PASS 563817249714962835982534671378695412251348967496271358827453196635129784149786523
388 28 PASS 573416298162893475948725361421978536839561724657234189395182647284657913716349852
389 47 PASS 658214379137956482249387651416725893892431567375869124521673948764198235983542716
390 32 PASS 627543189913826574845179263589634721471258396236917845362481957754392618198765432
391 40 PASS 148296537359187462267534981514623798973851624682749315435918276896472153721365849
392 56 PASS 764529318831674259952831476687192534195346827423758691219463785548217963376985142
393 36 PASS 142697583978435621356182479864751932231849765795263148419326857627518394583974216
394 59 PASS 734958612569241378821736594143587926278694135956123487495372861312865749687419253
395 52 PASS 923514786584976231761283495256197348179438652348625179892341567415769823637852914
396 24 PASS 712936458563478921894512736127895364459163287638724195345281679271659843986347512
397 70 PASS 597832146412679835638514297953287614874196352261345789789463521326951478145728963
398 26 PASS 682579341145263798739481562853742916421396857976158234568924173394817625217635489
399 45 PASS 468312795723594168591687342637825419985143627142976853379261584856439271214758936
400 33 PASS 634951827958726341127438956392517684476283519581694273845379162713862495269145738
401 18 PASS 794321568516874293238596714971235486462918357853467921327189645149653872685742139
402 38 PASS 829374165531926478476581293264837519195642837783159642348765921952413786617298354
403 39 PASS 523174968671928453498563271169287534382495716754316892917832645846751329235649187
404 32 PASS 289654317465371829137829546374962185852137964916485273548296731721543698693718452
405 88 PASS 169284375842357916537619842213496758458731629976825134391548267684172593725963481
406 28 PASS 691837425745692381328145679157283946439576218862914753584769132913428567276351894
407 43 PASS 179468523586239714342751986427685391958314672631972458794826135865193247213547869
408 48 PASS 975428316261753984834691572652814793189372645743965128396247851528139467417586239
409 105 PASS 368975142759412683412836957283694571975281436641753829594367218136528794827149365
410 24 PASS 627315849935824761184796523749158632218639457356472198462981375893567214571243986
411 33 PASS 493251786258697431761384592876129354319546278524738619132965847985472163647813925
412 26 PASS 126948573398756421475123896213589647847631952659472138761294385932815764584367219
413 33 PASS 362891745591274386748563921427159638685437192913682574159728463274316859836945217
414 28 PASS 759486213821573964634129875412657389598231746376894521965712438187345692243968157
415 44 PASS 792546138583291476416738295354129867169857324827463951975314682648972513231685749
416 65 PASS 273581946549673218618942537786154329931267854425398761354719682192836475867425193
417 112 PASS 965827431423561798781943625259376184378154962146298573512739846637485219894612357
418 37 PASS 634891572782345691519762483267189354193456827845273169978614235426537918351928746
419 188 PASS 915238746284176359763549218826917534571463982439852671342791865197685423658324197
420 26 PASS 479653812125879364638241579854167293267395481391428657746982135912536748583714926
421 36 PASS 629571483843962175517438926168745239734289651295316847451627398982153764376894512
422 28 PASS 435672189987143625261958374749321568652487913813569742526734891394816257178295436
423 22 PASS 847956213195832476236741859964327185321584697758619324513478962489265731672193548
424 58 PASS 327958461498617253615432798836149527241765839579823614954376182763281945182594376
425 37 PASS 394725861158946273627318945835162497219457386476839512982673154743581629561294738
426 38 PASS 879534261263718594541269738427691385396845172158327946715483629634952817982176453
427 32 PASS 287156943459283716163479582915347628638512497724698351392864175576921834841735269
428 35 PASS 785124396943675812126893754412769538678351429539482167267538941391247685854916273
429 75 PASS 493216587758439126126875493937158264682743915514962738375621849249387651861594372
430 30 PASS 518347926267958314493621578925163487376489251841572693134895762789236145652714839
431 41 PASS 184532976397186542265974381526413798931758264478629153749261835852347619613895427
432 32 PASS 724365819391847265586921437135784692942613758867259341658132974473598126219476583
433 72 PASS 879462135635891274421357968582136749143978652967245813714589326258613497396724581
434 61 PASS 413952678576138294928647351791423586384765129652891437845376912267519843139284765
435 29 PASS 239458617681927435475163928856342791912675384743891256528736149364519872197284563
436 66 PASS 784362591125894763963157248578631429342789156619245837897523614456918372231476985
437 26 PASS 725194368693857412418236975957413286831672594246589731172348659384965127569721843
438 20 PASS 674392815581476293329851674137965428495283761268147359746518932953724186812639547
439 47 PASS 315976428987324516426815379159768243234591687678243195592137864763482951841659732
440 162 PASS 762189453851234976349567821287413569934625187516798234498372615623951748175846392
441 193 PASS 471985632253416897869732451342879165586123974197654283628547319714398526935261748
442 26 PASS 351487926692351748847629153189732465275164389436598217723815694514976832968243571
443 33 PASS 418259376267381954935764218856927143342815697791436825589672431674193582123548769
444 162 PASS 792635148831942756456781293578126439169473582243859671925364817384217965617598324
445 28 PASS 134978562589162473627435891261349758893751246745286319316524987952817634478693125
446 39 PASS 316548729582791346479632581254369817867124953931857264743286195198475632625913478
447 20 PASS 762584319893271654145369728687145293219837546354692871926718435478953162531426987
448 26 PASS 746923518835417692912586347451768239387259164629134875564392781273841956198675423
449 95 PASS 591624378342987156678315924135849762764231895829756413257498631983162547416573289
450 41 PASS 583914672472365981619872534357641298146298357928753146265437819791586423834129765
451 40 PASS 194253867582764913376981524613827495849315276257649138725138649968472351431596782
452 78 PASS 258413976194765328637829514526987431871342695349651287412538769763194852985276143
453 120 PASS 546793281387251964921468735419537826872946513653182479298615347764329158135874692
454 22 PASS 423796518617548932958213647769124853182359764534687291841962375276435189395871426
455 28 PASS 231874569685239714497156328713498256952367841864512937576943182129685473348721695
456 24 PASS 369152748571984632824367159195273864486591273237846591712639485948715326653428917
457 270 PASS 986312574527849316314765928745638192231497865869521743478156239652973481193284657
458 37 PASS 673189524154762893892534167521493678738621945946875312285917436369248751417356289
459 40 PASS 283461597164759832597328416951287364748936251326145978412693785635874129879512643
460 53 PASS 496715832537842691128639547674253189382197456951486273743561928215978364869324715
461 26 PASS 516478392427639851389152746632541987854796213971283564248365179793814625165927438
462 63 PASS 635184792481927563297356814742563189368491257519872346854239671973618425126745938
463 70 PASS 358427691492816537617935284264378159579162843183549726936251478821794365745683912
464 36 PASS 927843615634751928815629743358172469476985231291364587589416372162537894743298156
465 35 PASS 396187254154962783278453619713896542429735168685241397541328976962574831837619425
466 36 PASS 458173296632859417971246583567438921814927365329615874146582739785391642293764158
467 86 PASS 269187534875643921134295768312476895958321647647958312483562179721839456596714283
468 39 PASS 359187426741362589268594317614278935932645871587913642875429163123856794496731258
469 45 PASS 743681592519742683682953471371498265928165734456327918237519846165874329894236157
470 81 PASS 378926415692451873451378692239164587165789324784532961947815236516293748823647159
471 49 PASS 385974261147265398926183475519742683268539147734816529691328754872451936453697812
472 33 PASS 314265987678194253259783146721658439846937521593421678932846715165372894487519362
473 35 PASS 162794358348125697957683421625948713489317265731256984874569132516432879293871546
474 80 PASS 542789631163254789897316245624198357789635412315427968456872193238941576971563824
475 28 PASS 326481795158397264794265183563814927279536841841972356482153679937648512615729438
476 30 PASS 346257918917386524285914376538621497792845631164793852421569783653178249879432165
477 26 PASS 634192785758634192921587436247913568893465217165278349372846951516329874489751623
478 22 PASS 361284597978135426425976318683751249219468735754329861132897654547613982896542173
479 71 PASS 743162589951748623862539147526317498178294365394856271417685932239471856685923714
480 30 PASS 124735986985261437376498152268159374413687529597324861659842713742513698831976245
481 20 PASS 864735912715492683329861574193257468678349125542618739431926857957183246286574391
482 80 PASS 584931627139627485672458931418365279726189543953274168361792854897546312245813796
483 24 PASS 869173254547928136321465897738652941615849372492731685984217563273586419156394728
484 64 PASS 985124637374689512612357948753948261246571893198236475429715386567893124831462759
485 55 PASS 524976831367841259918325674651294783243718596789563412895432167172689345436157928
486 43 PASS 685921473132874659749563128317685942456392781298417365964158237523749816871236594
487 65 PASS 792841653386295174451673829867312495945786231123459786239168547514927368678534912
488 67 PASS 817426395493581672652973814546819237278635149931742586164298753785364921329157468
489 120 PASS 416978352738512694925346781573864219249135876681729543354297168892651437167483925
490 72 PASS 123487965964235817758196243237964581645718392891523476412379658389651724576842139
491 28 PASS 623815947795346821841972365132457698967138452458269173579683214284591736316724589
492 51 PASS 798461235514273986623589741976845123285317694431926578862194357347652819159738462
493 40 PASS 213795648587416239649238751421957386835164927976382514164529873792843165358671492
494 28 PASS 374268159926715834518439726269387541835641972741952683697823415453176298182594367
495 89 PASS 167934825493582761258617934712846359935271648846359172679125483581463297324798516
496 24 PASS 357842169268791345419356287193578426825614793674923851736285914942167538581439672
497 32 PASS 278531649645789132913426578739815264854267913126394857497152386361948725582673491
498 40 PASS 536174982491628357827953614943782561182569473765341829218436795674295138359817246
499 66 PASS 583291647146783925972546813219367584735824169864159732697438251421675398358912476
500 112 PASS 859612437723854169164379528986147352375268914241593786432981675617425893598736241
501 242 PASS 145327698839654127672918543496185372218473956753296481367542819984761235521839764
502 44 PASS 128547639345869217679213548912486375784352196536791482891624753467935821253178964
503 236 PASS 624578139135496827789123456216385794857964213493217685942651378568732941371849562
504 30 PASS 796152384531468927428379651152634798384791265967285143219843576645917832873526419
505 152 PASS 162857493534129678789643521475312986913586742628794135356478219241935867897261354
506 47 PASS 152934687763821549984567321618493275375182496249756813521378964436219758897645132
507 91 PASS 387926415546813972192475836235749168961258743478631529754382691613597284829164357
508 46 PASS 869574132124396758375128694932857416541632879786941325217469583493785261658213947
509 63 PASS 798635421126974583453218679972586314564123897381497256617352948835749162249861735
510 171 PASS 594876123823914756617235894965421378781653942342798561159342687436587219278169435
511 4 PASS 213456789456789213789213456132564897564897132897132564321645978645978321978321645
512 279 PASS 123456789456789123789123456231674895875912364694538217317265948542897631968341572
513 6 PASS 213456789456789213789213456132564897564897132897132564321645978645978321978321645
